#
# This file tells the simulator which cells are water flow inputs and outputs for the section being simulated.
#

#inputs
18 1081
19 1080
19 1081
19 1082
19 1083
20 1083
21 1083
21 1084
21 1085
20 1085
20 1086
19 1086
19 1087
18 1087
18 1088
18 1089
18 1090
17 1090
17 1091
18 1091
19 1091
19 1092
20 1092
21 1092
21 1093
22 1093
23 1093
23 1094
24 1094
25 1094
26 1094
26 1095
26 1096
26 1097
27 1097
28 1097
29 1097
30 1097
31 1097
32 1097
30 1098
32 1093
32 1094
32 1095
32 1096
74 1102
75 1102
76 1102
77 1102
78 1102
79 1102
80 1102
81 1102
205 1160
206 1160
207 1160
208 1160
209 1160
210 1160
211 1160
207 1161
208 1161
209 1161
210 1161
296 1071
296 1072
296 1073
296 1074
296 1075
296 1076
296 1077
297 1073
297 1074
297 1075
297 1076
297 1077

#outputs
240 2
241 2
242 2
243 2
244 2
245 2
246 2
247 2
248 2
249 2
250 2
251 2
252 2
253 2
254 2
255 2
256 2
257 2
240 1
241 1
242 1
243 1
244 1
245 1
246 1
247 1
248 1
249 1
250 1
251 1
252 1
253 1
254 1
255 1
258 3
246 0
247 0
248 0
249 0
250 0
251 0
252 0
253 0
254 0
255 0
256 0
